107409,327,169,929
